[ -6.13041082e-01  1.17165680e-02   9.19031395e-03   1.60846024e-01  1.42559064e-02   1.17409879e-02   2.97717784e-01   1.36219274e-02  1.08634571e-02  -2.07656332e-03   8.43061138e-03   6.69522918e-03   3.83411924e-04   3.06779011e-03   2.33751715e-03   7.40626094e-04  4.04739813e-03   3.24759890e-03  -6.98507023e-01   5.70735316e-03   4.79674312e-03  -1.21213543e-01   1.19877467e-02   9.53820753e-03   7.75104100e-02   1.06674843e-02   8.35809345e-03   2.16581667e-03   1.01689782e-02   7.95989904e-03   2.33339847e-03   3.06735478e-03   2.62912922e-03   8.49590660e-04   4.35549879e-03   3.88976819e-03]
   
[ 0.47578882  0.10396119  0.08844821 -0.04802858  0.40045908  0.35294882 -0.0770967   0.21089068  0.19105043 -0.01555807  0.10295229  0.08805487 -0.00133348  0.09685525  0.08407362 -0.02880262  0.21958255  0.19397413  0.44235897  0.16538702  0.14094824  0.19989735  0.34216275  0.30951535  0.02081692  0.1978676   0.17855588  0.00401852  0.08695896  0.07610849  0.00250162  0.08644491  0.07532395  0.0363095   0.21077263  0.1857396 ]

[ -5.97858402e-01   3.77218758e-02   2.94608123e-02   6.78248151e-02   5.64196349e-02   4.73527220e-02   3.31898493e-01   1.04167926e-01   8.88205821e-02   1.27446308e-03   2.89085535e-02   2.34702081e-02  -5.65301540e-03   1.33790991e-02   1.10740788e-02  -3.57392743e-03   2.72090952e-02   2.25758090e-02  6.93850883e-01   3.74625346e-02   3.13391405e-02  -8.84606145e-02   4.89507268e-02   4.12004171e-02   7.61918685e-02   9.43029396e-02   7.09654118e-02  1.40275079e-03   3.66670552e-02   2.94819755e-02  -4.76706944e-04   6.56169518e-03   5.22728710e-03  -1.34748727e-02   3.50223807e-02   3.05750771e-02]
[-0.56313025  0.10586728  0.08799806  0.07844383  0.18338138  0.14806168
  0.27786971  0.15992322  0.11877112 -0.01138613  0.06280702  0.05394116
 -0.01181854  0.03997325  0.03047965  0.02522234  0.08222068  0.06393127
 -0.55589046  0.12299695  0.10166582 -0.29055416  0.11481028  0.10081312
  0.19271758  0.1869558   0.17302055 -0.05249091  0.08368456  0.07500812
 -0.03253611  0.05427925  0.04722284  0.04439414  0.07954093  0.06702268]
