Accuracy Score:  0.940298507463
Confusion Matrix: 
 [[ 5  0  0  0  0  0  0  0  0  0  0]
 [ 0 17  0  0  0  0  0  0  0  0  0]
 [ 0  0 12  0  0  0  0  0  0  0  0]
 [ 0  0  0 16  0  0  0  0  0  0  0]
 [ 0  3  0  0 12  0  0  0  0  0  0]
 [ 0  0  0  0  0 14  0  0  0  0  0]
 [ 0  0  0  0  0  0  7  0  0  0  0]
 [ 0  0  0  0  0  0  0 10  0  0  0]
 [ 0  0  0  0  0  0  1  2  9  0  0]
 [ 0  0  0  0  0  0  0  0  0 12  0]
 [ 0  0  0  0  0  0  0  0  0  2 12]]
Accuracy Score:  0.940298507463
Confusion Matrix: 
 [[ 5  0  0  0  0  0  0  0  0  0  0]
 [ 0 17  0  0  0  0  0  0  0  0  0]
 [ 0  0 12  0  0  0  0  0  0  0  0]
 [ 0  0  0 16  0  0  0  0  0  0  0]
 [ 0  3  0  0 12  0  0  0  0  0  0]
 [ 0  0  0  0  0 14  0  0  0  0  0]
 [ 0  0  0  0  0  0  7  0  0  0  0]
 [ 0  0  0  0  0  0  0 10  0  0  0]
 [ 0  0  0  0  0  0  1  2  9  0  0]
 [ 0  0  0  0  0  0  0  0  0 12  0]
 [ 0  0  0  0  0  0  0  0  0  2 12]]
Classification Report: 
              precision    recall  f1-score   support

        0.0       1.00      1.00      1.00         5
        1.0       0.85      1.00      0.92        17
        2.0       1.00      1.00      1.00        12
        3.0       1.00      1.00      1.00        16
        4.0       1.00      0.80      0.89        15
        5.0       1.00      1.00      1.00        14
        6.0       0.88      1.00      0.93         7
        7.0       0.83      1.00      0.91        10
        8.0       1.00      0.75      0.86        12
        9.0       0.86      1.00      0.92        12
       10.0       1.00      0.86      0.92        14

avg / total       0.95      0.94      0.94       134

